seed: 66
tracking_seqs:
  "val": [ 1,6,8,10,12,13,14,15,16,18,19 ]
  "train": [ 0, 2, 3, 4, 5, 7, 9, 11, 17, 20 ]
  "trainval": [ 0, 1, 2, 3, 4, 5, 6, 7, 8, 9, 10, 11, 12, 13, 14, 15, 16, 17, 18, 19, 20 ]
  "test": [ 0, 1, 2, 3, 4, 5, 6, 7, 8, 9, 10, 11, 12, 13, 14, 15, 16, 17, 18, 19, 20, 21, 22, 23, 24, 25, 26, 27, 28 ]

dataset_path: "data/KITTI/tracking"
save_path: "output"

embed_dim: 512
class_map:
  Pedestrian: 1
  Car: 2
  Cyclist: 3
sim_thr: 0.9 # 相似度阈值

train_epoch: 15
batch_size: 140
num_workers: 0
train_lr: 0.0001
train_lr_min: 0.00001
train_decay: 0.00005
